NR 1 ffff -38  -31  -20  -4  0  16  39  64  91  119  147
NR 2 ffff -15  -17  -12  -3  0  13  33  58  87  118  152
NR 3 ffff -12  -15  -12  -2  0  12  31  55  83  113  145
NR 4 ffff -8  -10  -8  -2  0  8  22  38  58  79  101
NR 5 ffff 30  19  10  2  0  -5  -10  -12  -13  -10  -7
NR 6 ffff 43  34  21  4  0  -17  -41  -67  -95  -123  -151
NR 7 ffff 43  34  21  4  0  -17  -41  -67  -95  -123  -151
NR 8 ffff 55  45  28  5  0  -23  -57  -94  -133  -174  -215
NR 9 ffff 30  25  16  3  0  -14  -33  -56  -80  -106  -132
NR 10 ffff 6  9  7  2  0  -8  -22  -39  -59  -81  -105
NR 11 ffff 18  16  10  2  0  -9  -22  -36  -52  -70  -87
NR 12 ffff -21  -12  -5  -1  0  1  0  -3  -10  -18  -28
NR 13 ffff -18  -10  -4  -1  0  1  0  -3  -9  -17  -27
NR 14 ffff 18  16  10  2  0  -9  -21  -36  -52  -69  -86
NR 15 ffff 5  8  7  2  0  -8  -22  -39  -59  -81  -105
NR 16 ffff 31  26  16  3  0  -14  -34  -56  -81  -106  -132
NR 17 ffff 56  46  29  5  0  -24  -57  -94  -134  -174  -215
NR 18 ffff 43  35  21  4  0  -17  -41  -67  -95  -124  -152
NR 19 ffff 31  20  10  1  0  -5  -10  -12  -13  -11  -7
NR 20 ffff -7  -10  -8  -2  0  8  22  38  57  79  102
NR 21 ffff -13  -15  -12  -2  0  12  31  55  83  113  145
NR 22 ffff -17  -18  -13  -3  0  13  34  59  88  119  152
NR 23 ffff -39  -32  -20  -4  0  16  39  65  92  120  148
NR 24 ffff -52  -39  -23  -4  0  17  41  65  90  115  138
NR 25 ffff -570  -464  -291  -54  0  237  575  949  1347  1758  2170
NR 26 ffff -517  -421  -263  -49  0  215  521  859  1220  1592  1965
NR 27 ffff -445  -358  -222  -41  0  179  432  710  1004  1305  1605
NR 28 ffff -372  -288  -174  -31  0  134  317  513  715  919  1116
NR 29 ffff -268  -198  -114  -20  0  82  188  295  400  501  593
NR 30 ffff -141  -81  -34  -4  0  10  6  -15  -52  -105  -171
NR 31 ffff -141  -81  -34  -4  0  10  6  -15  -52  -105  -171
NR 32 ffff -74  -14  12  6  0  -35  -108  -211  -341  -495  -666
NR 33 ffff -23  36  48  13  0  -69  -194  -359  -559  -787  -1037
NR 34 ffff 53  102  92  21  0  -107  -289  -518  -789  -1094  -1421
NR 35 ffff 93  136  113  25  0  -125  -333  -592  -896  -1234  -1595
NR 36 ffff 74  129  113  26  0  -129  -348  -624  -948  -1310  -1700
NR 37 ffff 75  130  113  26  0  -130  -349  -623  -947  -1309  -1700
NR 38 ffff 93  136  113  25  0  -125  -333  -593  -895  -1233  -1594
NR 39 ffff 52  101  91  21  0  -107  -288  -518  -789  -1093  -1421
NR 40 ffff -24  35  48  12  0  -69  -193  -359  -558  -787  -1038
NR 41 ffff -72  -13  13  6  0  -35  -109  -212  -342  -495  -666
NR 42 ffff -140  -80  -34  -4  0  9  5  -16  -53  -106  -172
NR 43 ffff -268  -197  -114  -20  0  82  188  295  400  500  592
NR 44 ffff -371  -287  -173  -31  0  134  317  512  715  918  1115
NR 45 ffff -447  -359  -222  -41  0  179  432  710  1004  1305  1605
NR 46 ffff -518  -421  -263  -49  0  215  521  860  1221  1593  1965
NR 47 ffff -569  -464  -290  -54  0  237  575  949  1348  1759  2171
NR 48 ffff -583  -477  -300  -56  0  246  599  990  1407  1840  2273
NR 49 ffff 38  38  27  6  0  -26  -67  -116  -171  -232  -295
NR 50 ffff 43  39  26  5  0  -24  -60  -102  -149  -199  -251
NR 51 ffff 30  28  19  3  0  -17  -42  -71  -104  -139  -175
NR 52 ffff 16  14  9  2  0  -7  -18  -30  -44  -58  -72
NR 53 ffff -9  -8  -5  -1  0  4  12  20  29  39  49
NR 54 ffff 13  12  9  2  0  -8  -20  -34  -50  -68  -86
NR 55 ffff 13  12  9  2  0  -8  -20  -34  -50  -68  -86
NR 56 ffff -5  -5  -3  0  0  3  8  14  21  29  36
NR 57 ffff -38  -33  -22  -4  0  20  48  82  119  158  198
NR 58 ffff -49  -45  -31  -6  0  28  71  121  177  237  299
NR 59 ffff -71  -60  -39  -7  0  33  81  136  195  257  320
NR 60 ffff -89  -73  -46  -9  0  38  93  155  221  290  358
NR 61 ffff -88  -73  -46  -9  0  38  94  155  221  289  359
NR 62 ffff -70  -60  -39  -7  0  33  81  136  195  257  320
NR 63 ffff -49  -45  -31  -6  0  29  71  121  177  237  299
NR 64 ffff -38  -34  -22  -4  0  19  48  82  119  158  198
NR 65 ffff -6  -6  -4  -1  0  3  9  15  22  29  36
NR 66 ffff 13  12  9  2  0  -8  -20  -34  -50  -68  -86
NR 67 ffff -9  -8  -6  -1  0  5  12  20  29  39  49
NR 68 ffff 15  13  8  2  0  -8  -18  -30  -44  -58  -72
NR 69 ffff 31  28  19  3  0  -17  -42  -71  -104  -138  -175
NR 70 ffff 42  39  26  5  0  -24  -60  -103  -149  -200  -252
NR 71 ffff 38  39  27  6  0  -26  -67  -116  -172  -232  -295
NR 72 ffff 28  31  23  5  0  -23  -61  -107  -158  -215  -276
NR 73 ffff 476  386  241  45  0  -197  -477  -786  -1115  -1454  -1793
NR 74 ffff 445  357  221  41  0  -178  -429  -705  -997  -1296  -1593
NR 75 ffff 394  310  189  35  0  -149  -355  -578  -812  -1048  -1280
NR 76 ffff 336  256  152  27  0  -115  -269  -431  -597  -761  -917
NR 77 ffff 269  194  109  19  0  -75  -169  -261  -348  -426  -495
NR 78 ffff 187  119  60  9  0  -31  -60  -75  -78  -67  -43
NR 79 ffff 187  119  60  9  0  -31  -60  -75  -78  -67  -43
NR 80 ffff 119  55  15  0  0  10  45  105  186  287  405
NR 81 ffff 52  -5  -25  -8  0  46  135  256  407  581  774
NR 82 ffff -10  -60  -61  -15  0  78  216  393  604  844  1104
NR 83 ffff -42  -90  -83  -19  0  98  266  479  730  1013  1318
NR 84 ffff -49  -97  -88  -20  0  103  278  500  761  1055  1372
NR 85 ffff -49  -97  -87  -20  0  103  278  500  761  1055  1372
NR 86 ffff -42  -90  -83  -19  0  98  266  478  730  1013  1318
NR 87 ffff -9  -59  -61  -15  0  78  215  392  604  844  1104
NR 88 ffff 52  -5  -25  -8  0  46  135  257  407  581  775
NR 89 ffff 119  55  15  0  0  10  45  105  186  287  405
NR 90 ffff 187  119  60  9  0  -31  -60  -75  -78  -67  -43
NR 91 ffff 269  193  109  19  0  -75  -169  -261  -348  -426  -494
NR 92 ffff 335  256  151  27  0  -115  -269  -432  -598  -761  -918
NR 93 ffff 394  310  189  35  0  -149  -355  -579  -812  -1048  -1280
NR 94 ffff 446  358  222  41  0  -178  -429  -705  -997  -1296  -1593
NR 95 ffff 476  387  241  45  0  -197  -477  -786  -1115  -1454  -1793
NR 96 ffff 478  391  246  46  0  -202  -490  -810  -1152  -1506  -1860
